# Potential at   1: KP=  1 of type  0 and multipole =  0
   0.000   4.115991E-01   0.000000E+00
   0.100   4.115991E-01   0.000000E+00
   0.200   4.114495E-01   0.000000E+00
   0.300   4.112003E-01   0.000000E+00
   0.400   4.108515E-01   0.000000E+00
   0.500   4.104029E-01   0.000000E+00
   0.600   4.098547E-01   0.000000E+00
   0.700   4.092068E-01   0.000000E+00
   0.800   4.084592E-01   0.000000E+00
   0.900   4.076119E-01   0.000000E+00
   1.000   4.066650E-01   0.000000E+00
   1.100   4.056183E-01   0.000000E+00
   1.200   4.044720E-01   0.000000E+00
   1.300   4.032260E-01   0.000000E+00
   1.400   4.018804E-01   0.000000E+00
   1.500   4.004350E-01   0.000000E+00
   1.600   3.988900E-01   0.000000E+00
   1.700   3.972453E-01   0.000000E+00
   1.800   3.955009E-01   0.000000E+00
   1.900   3.936569E-01   0.000000E+00
   2.000   3.917131E-01   0.000000E+00
   2.100   3.896697E-01   0.000000E+00
   2.200   3.875266E-01   0.000000E+00
   2.300   3.852838E-01   0.000000E+00
   2.400   3.829414E-01   0.000000E+00
   2.500   3.804993E-01   0.000000E+00
   2.600   3.779574E-01   0.000000E+00
   2.700   3.753159E-01   0.000000E+00
   2.800   3.725748E-01   0.000000E+00
   2.900   3.697339E-01   0.000000E+00
   3.000   3.667934E-01   0.000000E+00
   3.100   3.637532E-01   0.000000E+00
   3.200   3.606133E-01   0.000000E+00
   3.300   3.573738E-01   0.000000E+00
   3.400   3.540345E-01   0.000000E+00
   3.500   3.505956E-01   0.000000E+00
   3.600   3.470570E-01   0.000000E+00
   3.700   3.434187E-01   0.000000E+00
   3.800   3.396808E-01   0.000000E+00
   3.900   3.358431E-01   0.000000E+00
   4.000   3.319058E-01   0.000000E+00
   4.100   3.278688E-01   0.000000E+00
   4.200   3.237321E-01   0.000000E+00
   4.300   3.194958E-01   0.000000E+00
   4.400   3.151597E-01   0.000000E+00
   4.500   3.107240E-01   0.000000E+00
   4.600   3.061886E-01   0.000000E+00
   4.700   3.015536E-01   0.000000E+00
   4.800   2.968188E-01   0.000000E+00
   4.900   2.919844E-01   0.000000E+00
   5.000   2.870503E-01   0.000000E+00
   5.100   2.820165E-01   0.000000E+00
   5.200   2.768831E-01   0.000000E+00
   5.300   2.716915E-01   0.000000E+00
   5.400   2.666602E-01   0.000000E+00
   5.500   2.618118E-01   0.000000E+00
   5.600   2.571366E-01   0.000000E+00
   5.700   2.526255E-01   0.000000E+00
   5.800   2.482699E-01   0.000000E+00
   5.900   2.440619E-01   0.000000E+00
   6.000   2.399942E-01   0.000000E+00
   6.100   2.360599E-01   0.000000E+00
   6.200   2.322524E-01   0.000000E+00
   6.300   2.285659E-01   0.000000E+00
   6.400   2.249946E-01   0.000000E+00
   6.500   2.215331E-01   0.000000E+00
   6.600   2.181765E-01   0.000000E+00
   6.700   2.149202E-01   0.000000E+00
   6.800   2.117596E-01   0.000000E+00
   6.900   2.086906E-01   0.000000E+00
   7.000   2.057093E-01   0.000000E+00
   7.100   2.028120E-01   0.000000E+00
   7.200   1.999952E-01   0.000000E+00
   7.300   1.972555E-01   0.000000E+00
   7.400   1.945899E-01   0.000000E+00
   7.500   1.919954E-01   0.000000E+00
   7.600   1.894691E-01   0.000000E+00
   7.700   1.870085E-01   0.000000E+00
   7.800   1.846109E-01   0.000000E+00
   7.900   1.822741E-01   0.000000E+00
   8.000   1.799956E-01   0.000000E+00
   8.100   1.777735E-01   0.000000E+00
   8.200   1.756055E-01   0.000000E+00
   8.300   1.734898E-01   0.000000E+00
   8.400   1.714244E-01   0.000000E+00
   8.500   1.694077E-01   0.000000E+00
   8.600   1.674378E-01   0.000000E+00
   8.700   1.655132E-01   0.000000E+00
   8.800   1.636324E-01   0.000000E+00
   8.900   1.617938E-01   0.000000E+00
   9.000   1.599961E-01   0.000000E+00
   9.100   1.582379E-01   0.000000E+00
   9.200   1.565180E-01   0.000000E+00
   9.300   1.548350E-01   0.000000E+00
   9.400   1.531878E-01   0.000000E+00
   9.500   1.515753E-01   0.000000E+00
   9.600   1.499964E-01   0.000000E+00
   9.700   1.484500E-01   0.000000E+00
   9.800   1.469352E-01   0.000000E+00
   9.900   1.454510E-01   0.000000E+00
  10.000   1.439965E-01   0.000000E+00
  10.100   1.425708E-01   0.000000E+00
  10.200   1.411731E-01   0.000000E+00
  10.300   1.398024E-01   0.000000E+00
  10.400   1.384582E-01   0.000000E+00
  10.500   1.371395E-01   0.000000E+00
  10.600   1.358458E-01   0.000000E+00
  10.700   1.345762E-01   0.000000E+00
  10.800   1.333301E-01   0.000000E+00
  10.900   1.321069E-01   0.000000E+00
  11.000   1.309059E-01   0.000000E+00
  11.100   1.297266E-01   0.000000E+00
  11.200   1.285683E-01   0.000000E+00
  11.300   1.274305E-01   0.000000E+00
  11.400   1.263127E-01   0.000000E+00
  11.500   1.252144E-01   0.000000E+00
  11.600   1.241349E-01   0.000000E+00
  11.700   1.230739E-01   0.000000E+00
  11.800   1.220309E-01   0.000000E+00
  11.900   1.210055E-01   0.000000E+00
  12.000   1.199971E-01   0.000000E+00
  12.100   1.190054E-01   0.000000E+00
  12.200   1.180299E-01   0.000000E+00
  12.300   1.170703E-01   0.000000E+00
  12.400   1.161262E-01   0.000000E+00
  12.500   1.151972E-01   0.000000E+00
  12.600   1.142829E-01   0.000000E+00
  12.700   1.133831E-01   0.000000E+00
  12.800   1.124973E-01   0.000000E+00
  12.900   1.116252E-01   0.000000E+00
  13.000   1.107666E-01   0.000000E+00
  13.100   1.099210E-01   0.000000E+00
  13.200   1.090883E-01   0.000000E+00
  13.300   1.082681E-01   0.000000E+00
  13.400   1.074601E-01   0.000000E+00
  13.500   1.066641E-01   0.000000E+00
  13.600   1.058798E-01   0.000000E+00
  13.700   1.051069E-01   0.000000E+00
  13.800   1.043453E-01   0.000000E+00
  13.900   1.035946E-01   0.000000E+00
  14.000   1.028547E-01   0.000000E+00
  14.100   1.021252E-01   0.000000E+00
  14.200   1.014060E-01   0.000000E+00
  14.300   1.006969E-01   0.000000E+00
  14.400   9.999758E-02   0.000000E+00
  14.500   9.930794E-02   0.000000E+00
  14.600   9.862775E-02   0.000000E+00
  14.700   9.795681E-02   0.000000E+00
  14.800   9.729494E-02   0.000000E+00
  14.900   9.664196E-02   0.000000E+00
  15.000   9.599768E-02   0.000000E+00
  15.100   9.536193E-02   0.000000E+00
  15.200   9.473455E-02   0.000000E+00
  15.300   9.411537E-02   0.000000E+00
  15.400   9.350423E-02   0.000000E+00
  15.500   9.290098E-02   0.000000E+00
  15.600   9.230546E-02   0.000000E+00
  15.700   9.171753E-02   0.000000E+00
  15.800   9.113703E-02   0.000000E+00
  15.900   9.056385E-02   0.000000E+00
  16.000   8.999782E-02   0.000000E+00
  16.100   8.943883E-02   0.000000E+00
  16.200   8.888674E-02   0.000000E+00
  16.300   8.834142E-02   0.000000E+00
  16.400   8.780275E-02   0.000000E+00
  16.500   8.727062E-02   0.000000E+00
  16.600   8.674489E-02   0.000000E+00
  16.700   8.622546E-02   0.000000E+00
  16.800   8.571221E-02   0.000000E+00
  16.900   8.520504E-02   0.000000E+00
  17.000   8.470383E-02   0.000000E+00
  17.100   8.420849E-02   0.000000E+00
  17.200   8.371890E-02   0.000000E+00
  17.300   8.323498E-02   0.000000E+00
  17.400   8.275662E-02   0.000000E+00
  17.500   8.228372E-02   0.000000E+00
  17.600   8.181620E-02   0.000000E+00
  17.700   8.135396E-02   0.000000E+00
  17.800   8.089692E-02   0.000000E+00
  17.900   8.044498E-02   0.000000E+00
  18.000   7.999806E-02   0.000000E+00
  18.100   7.955609E-02   0.000000E+00
  18.200   7.911896E-02   0.000000E+00
  18.300   7.868662E-02   0.000000E+00
  18.400   7.825898E-02   0.000000E+00
  18.500   7.783595E-02   0.000000E+00
  18.600   7.741748E-02   0.000000E+00
  18.700   7.700348E-02   0.000000E+00
  18.800   7.659389E-02   0.000000E+00
  18.900   7.618863E-02   0.000000E+00
  19.000   7.578764E-02   0.000000E+00
  19.100   7.539085E-02   0.000000E+00
  19.200   7.499818E-02   0.000000E+00
  19.300   7.460959E-02   0.000000E+00
  19.400   7.422501E-02   0.000000E+00
  19.500   7.384437E-02   0.000000E+00
  19.600   7.346761E-02   0.000000E+00
  19.700   7.309468E-02   0.000000E+00
  19.800   7.272551E-02   0.000000E+00
  19.900   7.236006E-02   0.000000E+00
  20.000   7.199826E-02   0.000000E+00
  20.100   7.164006E-02   0.000000E+00
  20.200   7.128540E-02   0.000000E+00
  20.300   7.093424E-02   0.000000E+00
  20.400   7.058653E-02   0.000000E+00
  20.500   7.024220E-02   0.000000E+00
  20.600   6.990122E-02   0.000000E+00
  20.700   6.956353E-02   0.000000E+00
  20.800   6.922909E-02   0.000000E+00
  20.900   6.889785E-02   0.000000E+00
  21.000   6.856977E-02   0.000000E+00
  21.100   6.824479E-02   0.000000E+00
  21.200   6.792288E-02   0.000000E+00
  21.300   6.760400E-02   0.000000E+00
  21.400   6.728809E-02   0.000000E+00
  21.500   6.697512E-02   0.000000E+00
  21.600   6.666505E-02   0.000000E+00
  21.700   6.635784E-02   0.000000E+00
  21.800   6.605345E-02   0.000000E+00
  21.900   6.575183E-02   0.000000E+00
  22.000   6.545296E-02   0.000000E+00
  22.100   6.515679E-02   0.000000E+00
  22.200   6.486330E-02   0.000000E+00
  22.300   6.457243E-02   0.000000E+00
  22.400   6.428416E-02   0.000000E+00
  22.500   6.399845E-02   0.000000E+00
  22.600   6.371527E-02   0.000000E+00
  22.700   6.343459E-02   0.000000E+00
  22.800   6.315637E-02   0.000000E+00
  22.900   6.288057E-02   0.000000E+00
  23.000   6.260718E-02   0.000000E+00
  23.100   6.233615E-02   0.000000E+00
  23.200   6.206746E-02   0.000000E+00
  23.300   6.180108E-02   0.000000E+00
  23.400   6.153697E-02   0.000000E+00
  23.500   6.127511E-02   0.000000E+00
  23.600   6.101547E-02   0.000000E+00
  23.700   6.075802E-02   0.000000E+00
  23.800   6.050274E-02   0.000000E+00
  23.900   6.024959E-02   0.000000E+00
  24.000   5.999855E-02   0.000000E+00
  24.100   5.974959E-02   0.000000E+00
  24.200   5.950269E-02   0.000000E+00
  24.300   5.925783E-02   0.000000E+00
  24.400   5.901497E-02   0.000000E+00
  24.500   5.877409E-02   0.000000E+00
  24.600   5.853517E-02   0.000000E+00
  24.700   5.829818E-02   0.000000E+00
  24.800   5.806311E-02   0.000000E+00
  24.900   5.782993E-02   0.000000E+00
  25.000   5.759861E-02   0.000000E+00
  25.100   5.736913E-02   0.000000E+00
  25.200   5.714147E-02   0.000000E+00
  25.300   5.691562E-02   0.000000E+00
  25.400   5.669154E-02   0.000000E+00
  25.500   5.646922E-02   0.000000E+00
  25.600   5.624864E-02   0.000000E+00
  25.700   5.602977E-02   0.000000E+00
  25.800   5.581260E-02   0.000000E+00
  25.900   5.559711E-02   0.000000E+00
  26.000   5.538328E-02   0.000000E+00
  26.100   5.517108E-02   0.000000E+00
  26.200   5.496050E-02   0.000000E+00
  26.300   5.475153E-02   0.000000E+00
  26.400   5.454413E-02   0.000000E+00
  26.500   5.433831E-02   0.000000E+00
  26.600   5.413403E-02   0.000000E+00
  26.700   5.393128E-02   0.000000E+00
  26.800   5.373004E-02   0.000000E+00
  26.900   5.353030E-02   0.000000E+00
  27.000   5.333204E-02   0.000000E+00
  27.100   5.313525E-02   0.000000E+00
  27.200   5.293990E-02   0.000000E+00
  27.300   5.274598E-02   0.000000E+00
  27.400   5.255347E-02   0.000000E+00
  27.500   5.236237E-02   0.000000E+00
  27.600   5.217265E-02   0.000000E+00
  27.700   5.198430E-02   0.000000E+00
  27.800   5.179731E-02   0.000000E+00
  27.900   5.161165E-02   0.000000E+00
  28.000   5.142733E-02   0.000000E+00
  28.100   5.124431E-02   0.000000E+00
  28.200   5.106259E-02   0.000000E+00
  28.300   5.088216E-02   0.000000E+00
  28.400   5.070300E-02   0.000000E+00
  28.500   5.052509E-02   0.000000E+00
  28.600   5.034843E-02   0.000000E+00
  28.700   5.017300E-02   0.000000E+00
  28.800   4.999879E-02   0.000000E+00
  28.900   4.982578E-02   0.000000E+00
  29.000   4.965397E-02   0.000000E+00
  29.100   4.948334E-02   0.000000E+00
  29.200   4.931388E-02   0.000000E+00
  29.300   4.914557E-02   0.000000E+00
  29.400   4.897841E-02   0.000000E+00
  29.500   4.881238E-02   0.000000E+00
  29.600   4.864747E-02   0.000000E+00
  29.700   4.848368E-02   0.000000E+00
  29.800   4.832098E-02   0.000000E+00
  29.900   4.815937E-02   0.000000E+00
  30.000   4.799884E-02   0.000000E+00
  30.100   4.783937E-02   0.000000E+00
 &
# Potential at   2: KP=  1 of type  1 and multipole =  0
   0.000  -2.853622E+02  -1.065285E+01
   0.100  -2.849919E+02  -1.064985E+01
   0.200  -2.841620E+02  -1.064336E+01
   0.300  -2.831978E+02  -1.063617E+01
   0.400  -2.820789E+02  -1.062821E+01
   0.500  -2.807818E+02  -1.061941E+01
   0.600  -2.792805E+02  -1.060966E+01
   0.700  -2.775455E+02  -1.059888E+01
   0.800  -2.755442E+02  -1.058695E+01
   0.900  -2.732407E+02  -1.057376E+01
   1.000  -2.705960E+02  -1.055917E+01
   1.100  -2.675683E+02  -1.054305E+01
   1.200  -2.641133E+02  -1.052523E+01
   1.300  -2.601855E+02  -1.050555E+01
   1.400  -2.557390E+02  -1.048381E+01
   1.500  -2.507295E+02  -1.045982E+01
   1.600  -2.451160E+02  -1.043336E+01
   1.700  -2.388638E+02  -1.040417E+01
   1.800  -2.319469E+02  -1.037201E+01
   1.900  -2.243516E+02  -1.033659E+01
   2.000  -2.160792E+02  -1.029760E+01
   2.100  -2.071493E+02  -1.025472E+01
   2.200  -1.976021E+02  -1.020759E+01
   2.300  -1.874990E+02  -1.015586E+01
   2.400  -1.769233E+02  -1.009911E+01
   2.500  -1.659783E+02  -1.003694E+01
   2.600  -1.547835E+02  -9.968912E+00
   2.700  -1.434703E+02  -9.894561E+00
   2.800  -1.321758E+02  -9.813422E+00
   2.900  -1.210359E+02  -9.725013E+00
   3.000  -1.101794E+02  -9.628847E+00
   3.100  -9.972202E+01  -9.524437E+00
   3.200  -8.976171E+01  -9.411303E+00
   3.300  -8.037601E+01  -9.288984E+00
   3.400  -7.162069E+01  -9.157046E+00
   3.500  -6.353003E+01  -9.015092E+00
   3.600  -5.611848E+01  -8.862780E+00
   3.700  -4.938303E+01  -8.699833E+00
   3.800  -4.330629E+01  -8.526054E+00
   3.900  -3.785966E+01  -8.341342E+00
   4.000  -3.300640E+01  -8.145706E+00
   4.100  -2.870446E+01  -7.939279E+00
   4.200  -2.490887E+01  -7.722330E+00
   4.300  -2.157374E+01  -7.495271E+00
   4.400  -1.865373E+01  -7.258669E+00
   4.500  -1.610524E+01  -7.013242E+00
   4.600  -1.388710E+01  -6.759860E+00
   4.700  -1.196112E+01  -6.499537E+00
   4.800  -1.029230E+01  -6.233419E+00
   4.900  -8.848896E+00  -5.962767E+00
   5.000  -7.602418E+00  -5.688932E+00
   5.100  -6.527446E+00  -5.413333E+00
   5.200  -5.601458E+00  -5.137424E+00
   5.300  -4.804606E+00  -4.862667E+00
   5.400  -4.119470E+00  -4.590501E+00
   5.500  -3.530824E+00  -4.322307E+00
   5.600  -3.025402E+00  -4.059388E+00
   5.700  -2.591675E+00  -3.802940E+00
   5.800  -2.219647E+00  -3.554036E+00
   5.900  -1.900669E+00  -3.313607E+00
   6.000  -1.627271E+00  -3.082437E+00
   6.100  -1.393009E+00  -2.861156E+00
   6.200  -1.192332E+00  -2.650240E+00
   6.300  -1.020463E+00  -2.450019E+00
   6.400  -8.732927E-01  -2.260682E+00
   6.500  -7.472923E-01  -2.082288E+00
   6.600  -6.394313E-01  -1.914782E+00
   6.700  -5.471091E-01  -1.758004E+00
   6.800  -4.680950E-01  -1.611711E+00
   6.900  -4.004764E-01  -1.475585E+00
   7.000  -3.426140E-01  -1.349251E+00
   7.100  -2.931034E-01  -1.232290E+00
   7.200  -2.507413E-01  -1.124250E+00
   7.300  -2.144972E-01  -1.024659E+00
   7.400  -1.834888E-01  -9.330306E-01
   7.500  -1.569607E-01  -8.488781E-01
   7.600  -1.342661E-01  -7.717164E-01
   7.700  -1.148516E-01  -7.010700E-01
   7.800  -9.824337E-02  -6.364767E-01
   7.900  -8.403613E-02  -5.774913E-01
   8.000  -7.188292E-02  -5.236882E-01
   8.100  -6.148693E-02  -4.746630E-01
   8.200  -5.259417E-02  -4.300335E-01
   8.300  -4.498736E-02  -3.894406E-01
   8.400  -3.848059E-02  -3.525480E-01
   8.500  -3.291482E-02  -3.190423E-01
   8.600  -2.815400E-02  -2.886322E-01
   8.700  -2.408173E-02  -2.610479E-01
   8.800  -2.059845E-02  -2.360401E-01
   8.900  -1.761896E-02  -2.133790E-01
   9.000  -1.507043E-02  -1.928535E-01
   9.100  -1.289052E-02  -1.742696E-01
   9.200  -1.102592E-02  -1.574497E-01
   9.300  -9.431019E-03  -1.422312E-01
   9.400  -8.066816E-03  -1.284659E-01
   9.500  -6.899941E-03  -1.160181E-01
   9.600  -5.901852E-03  -1.047645E-01
   9.700  -5.048137E-03  -9.459275E-02
   9.800  -4.317911E-03  -8.540064E-02
   9.900  -3.693313E-03  -7.709529E-02
  10.000  -3.159064E-03  -6.959236E-02
  10.100  -2.702095E-03  -6.281530E-02
  10.200  -2.311227E-03  -5.669470E-02
  10.300  -1.976900E-03  -5.116760E-02
  10.400  -1.690934E-03  -4.617700E-02
  10.500  -1.446333E-03  -4.167125E-02
  10.600  -1.237115E-03  -3.760361E-02
  10.700  -1.058162E-03  -3.393175E-02
  10.800  -9.050940E-04  -3.061741E-02
  10.900  -7.741683E-04  -2.762596E-02
  11.000  -6.621815E-04  -2.492611E-02
  11.100  -5.663940E-04  -2.248956E-02
  11.200  -4.844626E-04  -2.029073E-02
  11.300  -4.143829E-04  -1.830651E-02
  11.400  -3.544406E-04  -1.651603E-02
  11.500  -3.031691E-04  -1.490043E-02
  11.600  -2.593143E-04  -1.344266E-02
  11.700  -2.218033E-04  -1.212735E-02
  11.800  -1.897185E-04  -1.094061E-02
  11.900  -1.622748E-04  -9.869893E-03
  12.000  -1.388010E-04  -8.903875E-03
  12.100  -1.187228E-04  -8.032334E-03
  12.200  -1.015490E-04  -7.246046E-03
  12.300  -8.685948E-05  -6.536680E-03
  12.400  -7.429485E-05  -5.896721E-03
  12.500  -6.354776E-05  -5.319384E-03
  12.600  -5.435528E-05  -4.798548E-03
  12.700  -4.649253E-05  -4.328688E-03
  12.800  -3.976717E-05  -3.904819E-03
  12.900  -3.401467E-05  -3.522441E-03
  13.000  -2.909429E-05  -3.177497E-03
  13.100  -2.488566E-05  -2.866323E-03
  13.200  -2.128584E-05  -2.585615E-03
  13.300  -1.820674E-05  -2.332392E-03
  13.400  -1.557305E-05  -2.103963E-03
  13.500  -1.332034E-05  -1.897902E-03
  13.600  -1.139349E-05  -1.712020E-03
  13.700  -9.745366E-06  -1.544340E-03
  13.800  -8.335653E-06  -1.393081E-03
  13.900  -7.129862E-06  -1.256636E-03
  14.000  -6.098494E-06  -1.133553E-03
  14.100  -5.216319E-06  -1.022524E-03
  14.200  -4.461754E-06  -9.223697E-04
  14.300  -3.816340E-06  -8.320244E-04
  14.400  -3.264289E-06  -7.505278E-04
  14.500  -2.792094E-06  -6.770132E-04
  14.600  -2.388205E-06  -6.106990E-04
  14.700  -2.042740E-06  -5.508800E-04
  14.800  -1.747248E-06  -4.969201E-04
  14.900  -1.494500E-06  -4.482454E-04
  15.000  -1.278314E-06  -4.043384E-04
  15.100  -1.093400E-06  -3.647321E-04
  15.200  -9.352344E-07  -3.290053E-04
  15.300  -7.999484E-07  -2.967779E-04
  15.400  -6.842321E-07  -2.677072E-04
  15.500  -5.852547E-07  -2.414841E-04
  15.600  -5.005949E-07  -2.178296E-04
  15.700  -4.281815E-07  -1.964921E-04
  15.800  -3.662431E-07  -1.772447E-04
  15.900  -3.132643E-07  -1.598826E-04
  16.000  -2.679491E-07  -1.442213E-04
  16.100  -2.291890E-07  -1.300940E-04
  16.200  -1.960358E-07  -1.173506E-04
  16.300  -1.676783E-07  -1.058554E-04
  16.400  -1.434228E-07  -9.548624E-05
  16.500  -1.226761E-07  -8.613279E-05
  16.600  -1.049304E-07  -7.769557E-05
  16.700  -8.975172E-08  -7.008482E-05
  16.800  -7.676871E-08  -6.321958E-05
  16.900  -6.566376E-08  -5.702683E-05
  17.000  -5.616519E-08  -5.144069E-05
  17.100  -4.804063E-08  -4.640175E-05
  17.200  -4.109133E-08  -4.185641E-05
  17.300  -3.514728E-08  -3.775630E-05
  17.400  -3.006306E-08  -3.405783E-05
  17.500  -2.571430E-08  -3.072165E-05
  17.600  -2.199460E-08  -2.771226E-05
  17.700  -1.881298E-08  -2.499767E-05
  17.800  -1.609160E-08  -2.254898E-05
  17.900  -1.376387E-08  -2.034016E-05
  18.000  -1.177286E-08  -1.834771E-05
  18.100  -1.006986E-08  -1.655043E-05
  18.200  -8.613211E-09  -1.492921E-05
  18.300  -7.367270E-09  -1.346679E-05
  18.400  -6.301560E-09  -1.214763E-05
  18.500  -5.390010E-09  -1.095769E-05
  18.600  -4.610320E-09  -9.884312E-06
  18.700  -3.943415E-09  -8.916078E-06
  18.800  -3.372982E-09  -8.042689E-06
  18.900  -2.885064E-09  -7.254854E-06
  19.000  -2.467726E-09  -6.544193E-06
  19.100  -2.110758E-09  -5.903145E-06
  19.200  -1.805427E-09  -5.324893E-06
  19.300  -1.544264E-09  -4.803284E-06
  19.400  -1.320879E-09  -4.332770E-06
  19.500  -1.129807E-09  -3.908346E-06
  19.600  -9.663755E-10  -3.525498E-06
  19.700  -8.265848E-10  -3.180152E-06
  19.800  -7.070154E-10  -2.868635E-06
  19.900  -6.047423E-10  -2.587633E-06
  20.000  -5.172635E-10  -2.334157E-06
  20.100  -4.424389E-10  -2.105510E-06
  20.200  -3.784381E-10  -1.899261E-06
  20.300  -3.236952E-10  -1.713216E-06
  20.400  -2.768712E-10  -1.545395E-06
  20.500  -2.368205E-10  -1.394013E-06
  20.600  -2.025633E-10  -1.257460E-06
  20.700  -1.732616E-10  -1.134284E-06
  20.800  -1.481985E-10  -1.023173E-06
  20.900  -1.267609E-10  -9.229462E-07
  21.000  -1.084243E-10  -8.325375E-07
  21.100  -9.274024E-11  -7.509848E-07
  21.200  -7.932493E-11  -6.774208E-07
  21.300  -6.785021E-11  -6.110629E-07
  21.400  -5.803536E-11  -5.512052E-07
  21.500  -4.964027E-11  -4.972109E-07
  21.600  -4.245958E-11  -4.485058E-07
  21.700  -3.631760E-11  -4.045716E-07
  21.800  -3.106409E-11  -3.649411E-07
  21.900  -2.657052E-11  -3.291927E-07
  22.000  -2.272697E-11  -2.969460E-07
  22.100  -1.943941E-11  -2.678582E-07
  22.200  -1.662741E-11  -2.416197E-07
  22.300  -1.422218E-11  -2.179514E-07
  22.400  -1.216487E-11  -1.966016E-07
  22.500  -1.040517E-11  -1.773431E-07
  22.600  -8.900011E-12  -1.599712E-07
  22.700  -7.612583E-12  -1.443009E-07
  22.800  -6.511387E-12  -1.301657E-07
  22.900  -5.569484E-12  -1.174151E-07
  23.000  -4.763832E-12  -1.059135E-07
  23.100  -4.074722E-12  -9.553855E-08
  23.200  -3.485294E-12  -8.617991E-08
  23.300  -2.981130E-12  -7.773800E-08
  23.400  -2.549896E-12  -7.012304E-08
  23.500  -2.181041E-12  -6.325402E-08
  23.600  -1.865544E-12  -5.705786E-08
  23.700  -1.595684E-12  -5.146866E-08
  23.800  -1.364861E-12  -4.642696E-08
  23.900  -1.167427E-12  -4.187913E-08
  24.000  -9.985535E-13  -3.777679E-08
  24.100  -8.541081E-13  -3.407630E-08
  24.200  -7.305574E-13  -3.073829E-08
  24.300  -6.248788E-13  -2.772727E-08
  24.400  -5.344872E-13  -2.501120E-08
  24.500  -4.571711E-13  -2.256118E-08
  24.600  -3.910392E-13  -2.035116E-08
  24.700  -3.344735E-13  -1.835763E-08
  24.800  -2.860904E-13  -1.655938E-08
  24.900  -2.447061E-13  -1.493727E-08
  25.000  -2.093082E-13  -1.347407E-08
  25.100  -1.790308E-13  -1.215419E-08
  25.200  -1.531331E-13  -1.096361E-08
  25.300  -1.309817E-13  -9.889648E-09
  25.400  -1.120346E-13  -8.920891E-09
  25.500  -9.582827E-14  -8.047030E-09
  25.600  -8.196626E-14  -7.258769E-09
  25.700  -7.010946E-14  -6.547724E-09
  25.800  -5.996780E-14  -5.906330E-09
  25.900  -5.129318E-14  -5.327765E-09
  26.000  -4.387338E-14  -4.805875E-09
  26.100  -3.752689E-14  -4.335107E-09
  26.200  -3.209845E-14  -3.910454E-09
  26.300  -2.745526E-14  -3.527399E-09
  26.400  -2.348373E-14  -3.181867E-09
  26.500  -2.008670E-14  -2.870181E-09
  26.600  -1.718106E-14  -2.589028E-09
  26.700  -1.469574E-14  -2.335415E-09
  26.800  -1.256993E-14  -2.106645E-09
  26.900  -1.075163E-14  -1.900285E-09
  27.000  -9.196360E-15  -1.714140E-09
  27.100  -7.866064E-15  -1.546228E-09
  27.200  -6.728201E-15  -1.394765E-09
  27.300  -5.754935E-15  -1.258138E-09
  27.400  -4.922457E-15  -1.134895E-09
  27.500  -4.210400E-15  -1.023724E-09
  27.600  -3.601346E-15  -9.234437E-10
  27.700  -3.080395E-15  -8.329862E-10
  27.800  -2.634801E-15  -7.513896E-10
  27.900  -2.253665E-15  -6.777859E-10
  28.000  -1.927662E-15  -6.113922E-10
  28.100  -1.648816E-15  -5.515023E-10
  28.200  -1.410307E-15  -4.974789E-10
  28.300  -1.206300E-15  -4.487475E-10
  28.400  -1.031803E-15  -4.047897E-10
  28.500  -8.825479E-16  -3.651378E-10
  28.600  -7.548832E-16  -3.293701E-10
  28.700  -6.456858E-16  -2.971061E-10
  28.800  -5.522843E-16  -2.680025E-10
  28.900  -4.723938E-16  -2.417499E-10
  29.000  -4.040599E-16  -2.180689E-10
  29.100  -3.456107E-16  -1.967075E-10
  29.200  -2.956165E-16  -1.774387E-10
  29.300  -2.528542E-16  -1.600574E-10
  29.400  -2.162777E-16  -1.443787E-10
  29.500  -1.849921E-16  -1.302358E-10
  29.600  -1.582321E-16  -1.174784E-10
  29.700  -1.353431E-16  -1.059706E-10
  29.800  -1.157651E-16  -9.559004E-11
  29.900  -9.901913E-17  -8.622635E-11
  30.000  -8.469555E-17  -7.777990E-11
  30.100  -7.244394E-17  -7.016084E-11
 &
