    0.5+   1 1   3.450       0.000    
    0.5-   2 1   3.450       0.000    
    1.5+   1 1   6.901       0.000    
    1.5+   3 2   6.903       0.000    
    1.5-   0 1   6.900       0.000    
    1.5-   2 2   6.901       0.000    
    2.5+   1 1   10.35       0.000    
    2.5+   3 2   10.35       0.000    
    2.5-   2 1   10.35       0.000    
    2.5-   4 2   10.35       0.000    
    3.5+   3 1   13.81       0.000    
    3.5+   5 2   13.81       0.000    
    3.5-   2 1   13.80       0.000    
    3.5-   4 2   13.81       0.000    
    4.5+   3 1   17.26       0.000    
    4.5+   5 2   17.27       0.000    
    4.5-   4 1   17.26       0.000    
    4.5-   6 2   17.27       0.000    
    5.5+   5 1   20.72       0.000    
    5.5+   7 2   20.74       0.000    
    5.5-   4 1   20.71       0.000    
    5.5-   6 2   20.72       0.000    
    6.5+   5 1   24.17       0.000    
    6.5+   7 2   24.20       0.000    
    6.5-   6 1   24.18       0.000    
    6.5-   8 2   24.20       0.000    
    7.5+   7 1   27.66       0.000    
    7.5+   9 2   27.58       0.000    
    7.5-   6 1   27.63       0.000    
    7.5-   8 2   27.66       0.000    
    8.5+   7 1   31.11       0.000    
    8.5+   9 2   31.02       0.000    
    8.5-   8 1   31.12       0.000    
    8.5-  10 2   30.87       0.000    
    9.5+   9 1   34.47       0.000    
    9.5+  11 2   32.57       0.000    
    9.5-   8 1   34.58       0.000    
    9.5-  10 2   34.30       0.000    
   10.5+   9 1   37.92       0.000    
   10.5+  11 2   35.83       0.000    
   10.5-  10 1   37.73       0.000    
   10.5-  12 2   31.63       0.000    
   11.5+  11 1   39.08       0.000    
   11.5+  13 2   27.96       0.000    
   11.5-  10 1   41.16       0.000    
   11.5-  12 2   34.51       0.000    
   12.5+  11 1   42.34       0.000    
   12.5+  13 2   30.29       0.000    
   12.5-  12 1   37.38       0.000    
   12.5-  14 2   22.96       0.000    
   13.5+  13 1   32.62       0.000    
   13.5+  15 2   17.80       0.000    
   13.5-  12 1   40.26       0.000    
   13.5-  14 2   24.73       0.000    
   14.5+  13 1   34.95       0.000    
   14.5+  15 2   19.07       0.000    
   14.5-  14 1   26.49       0.000    
   14.5-  16 2   13.19       0.000    
   15.5+  15 1   20.34       0.000    
   15.5+  17 2   9.458       0.000    
   15.5-  14 1   28.26       0.000    
   15.5-  16 2   14.07       0.000    
   16.5+  15 1   21.61       0.000    
   16.5+  17 2   10.05       0.000    
   16.5-  16 1   14.95       0.000    
   16.5-  18 2   6.616       0.000    
   17.5+  17 1   10.64       0.000    
   17.5+  19 2   4.547       0.000    
   17.5-  16 1   15.83       0.000    
   17.5-  18 2   7.005       0.000    
   18.5+  17 1   11.23       0.000    
   18.5+  19 2   4.799       0.000    
   18.5-  18 1   7.394       0.000    
   18.5-  20 2   3.085       0.000    
   19.5+  19 1   5.052       0.000    
   19.5+  21 2   2.073       0.000    
   19.5-  18 1   7.783       0.000    
   19.5-  20 2   3.247       0.000    
   20.5+  19 1   5.304       0.000    
   20.5+  21 2   2.177       0.000    
   20.5-  20 1   3.410       0.000    
   20.5-  22 2   1.384       0.000    
   21.5+  21 1   2.281       0.000    
   21.5+  23 2  0.9186       0.000    
   21.5-  20 1   3.572       0.000    
   21.5-  22 2   1.450       0.000    
   22.5+  21 1   2.384       0.000    
   22.5+  23 2  0.9604       0.000    
   22.5-  22 1   1.516       0.000    
   22.5-  24 2  0.6071       0.000    
   23.5+  23 1   1.002       0.000    
   23.5+  25 2  0.3999       0.000    
   23.5-  22 1   1.582       0.000    
   23.5-  24 2  0.6335       0.000    
   24.5+  23 1   1.044       0.000    
   24.5+  25 2  0.4165       0.000    
   24.5-  24 1  0.6599       0.000    
   24.5-  26 2  0.2626       0.000    
   25.5+  25 1  0.4332       0.000    
   25.5+  27 2  0.1720       0.000    
   25.5-  24 1  0.6863       0.000    
   25.5-  26 2  0.2731       0.000    
   26.5+  25 1  0.4499       0.000    
   26.5+  27 2  0.1786       0.000    
   26.5-  26 1  0.2836       0.000    
   26.5-  28 2  0.1124       0.000    
   27.5+  27 1  0.1852       0.000    
   27.5+  29 2  0.7330E-01   0.000    
   27.5-  26 1  0.2941       0.000    
   27.5-  28 2  0.1166       0.000    
   28.5+  27 1  0.1918       0.000    
   28.5+  29 2  0.7592E-01   0.000    
   28.5-  28 1  0.1207       0.000    
   28.5-  30 2  0.4772E-01   0.000    
   29.5+  29 1  0.7854E-01   0.000    
   29.5+  31 2  0.3101E-01   0.000    
   29.5-  28 1  0.1249       0.000    
   29.5-  30 2  0.4937E-01   0.000    
   30.5+  29 1  0.8116E-01   0.000    
   30.5+  31 2  0.3205E-01   0.000    
   30.5-  30 1  0.5101E-01   0.000    
   30.5-  32 2  0.2012E-01   0.000    
   31.5+  31 1  0.3308E-01   0.000    
   31.5+  33 2  0.1304E-01   0.000    
   31.5-  30 1  0.5266E-01   0.000    
   31.5-  32 2  0.2077E-01   0.000    
   32.5+  31 1  0.3411E-01   0.000    
   32.5+  33 2  0.1345E-01   0.000    
   32.5-  32 1  0.2142E-01   0.000    
   32.5-  34 2  0.8436E-02   0.000    
   33.5+  33 1  0.1385E-01   0.000    
   33.5+  35 2  0.5452E-02   0.000    
   33.5-  32 1  0.2207E-01   0.000    
   33.5-  34 2  0.8692E-02   0.000    
   34.5+  33 1  0.1426E-01   0.000    
   34.5+  35 2  0.5612E-02   0.000    
   34.5-  34 1  0.8948E-02   0.000    
   34.5-  36 2  0.3519E-02   0.000    
   35.5+  35 1  0.5772E-02   0.000    
   35.5+  37 2  0.2269E-02   0.000    
   35.5-  34 1  0.9203E-02   0.000    
   35.5-  36 2  0.3619E-02   0.000    
   36.5+  35 1  0.5933E-02   0.000    
   36.5+  37 2  0.2332E-02   0.000    
   36.5-  36 1  0.3720E-02   0.000    
   36.5-  38 2  0.1461E-02   0.000    
   37.5+  37 1  0.2395E-02   0.000    
   37.5+  39 2  0.9400E-03   0.000    
   37.5-  36 1  0.3820E-02   0.000    
   37.5-  38 2  0.1501E-02   0.000    
   38.5+  37 1  0.2458E-02   0.000    
   38.5+  39 2  0.9647E-03   0.000    
   38.5-  38 1  0.1540E-02   0.000    
   38.5-  40 2  0.6042E-03   0.000    
