  0.500000000000000      +NUMCC:           1           1
  0.500000000000000      +CCSET:           1           1           1
  0.500000000000000      -NUMCC:           1           1
  0.500000000000000      -CCSET:           1           1           1
   1.50000000000000      +NUMCC:           2           2
   1.50000000000000      +CCSET:           2           2           2
   1.50000000000000      -NUMCC:           2           2
   1.50000000000000      -CCSET:           2           2           2
   2.50000000000000      +NUMCC:           2           2
   2.50000000000000      +CCSET:           2           2           2
   2.50000000000000      -NUMCC:           2           2
   2.50000000000000      -CCSET:           2           2           2
   3.50000000000000      +NUMCC:           2           2
   3.50000000000000      +CCSET:           2           2           2
   3.50000000000000      -NUMCC:           2           2
   3.50000000000000      -CCSET:           2           2           2
   4.50000000000000      +NUMCC:           2           2
   4.50000000000000      +CCSET:           2           2           2
   4.50000000000000      -NUMCC:           2           2
   4.50000000000000      -CCSET:           2           2           2
   5.50000000000000      +NUMCC:           2           2
   5.50000000000000      +CCSET:           2           2           2
   5.50000000000000      -NUMCC:           2           2
   5.50000000000000      -CCSET:           2           2           2
   6.50000000000000      +NUMCC:           2           2
   6.50000000000000      +CCSET:           2           2           2
   6.50000000000000      -NUMCC:           2           2
   6.50000000000000      -CCSET:           2           2           2
   7.50000000000000      +NUMCC:           2           2
   7.50000000000000      +CCSET:           2           2           2
   7.50000000000000      -NUMCC:           2           2
   7.50000000000000      -CCSET:           2           2           2
   8.50000000000000      +NUMCC:           2           2
   8.50000000000000      +CCSET:           2           2           2
   8.50000000000000      -NUMCC:           2           2
   8.50000000000000      -CCSET:           2           2           2
   9.50000000000000      +NUMCC:           2           2
   9.50000000000000      +CCSET:           2           2           2
   9.50000000000000      -NUMCC:           2           2
   9.50000000000000      -CCSET:           2           2           2
   10.5000000000000      +NUMCC:           2           2
   10.5000000000000      +CCSET:           2           2           2
   10.5000000000000      -NUMCC:           2           2
   10.5000000000000      -CCSET:           2           2           2
   11.5000000000000      +NUMCC:           2           2
   11.5000000000000      +CCSET:           2           2           2
   11.5000000000000      -NUMCC:           2           2
   11.5000000000000      -CCSET:           2           2           2
   12.5000000000000      +NUMCC:           2           2
   12.5000000000000      +CCSET:           2           2           2
   12.5000000000000      -NUMCC:           2           2
   12.5000000000000      -CCSET:           2           2           2
   13.5000000000000      +NUMCC:           2           2
   13.5000000000000      +CCSET:           2           2           2
   13.5000000000000      -NUMCC:           2           2
   13.5000000000000      -CCSET:           2           2           2
   14.5000000000000      +NUMCC:           2           2
   14.5000000000000      +CCSET:           2           2           2
   14.5000000000000      -NUMCC:           2           2
   14.5000000000000      -CCSET:           2           2           2
   15.5000000000000      +NUMCC:           2           2
   15.5000000000000      +CCSET:           2           2           2
   15.5000000000000      -NUMCC:           2           2
   15.5000000000000      -CCSET:           2           2           2
   16.5000000000000      +NUMCC:           2           2
   16.5000000000000      +CCSET:           2           2           2
   16.5000000000000      -NUMCC:           2           2
   16.5000000000000      -CCSET:           2           2           2
   17.5000000000000      +NUMCC:           2           2
   17.5000000000000      +CCSET:           2           2           2
   17.5000000000000      -NUMCC:           2           2
   17.5000000000000      -CCSET:           2           2           2
   18.5000000000000      +NUMCC:           2           2
   18.5000000000000      +CCSET:           2           2           2
   18.5000000000000      -NUMCC:           2           2
   18.5000000000000      -CCSET:           2           2           2
   19.5000000000000      +NUMCC:           2           2
   19.5000000000000      +CCSET:           2           2           2
   19.5000000000000      -NUMCC:           2           2
   19.5000000000000      -CCSET:           2           2           2
   20.5000000000000      +NUMCC:           2           2
   20.5000000000000      +CCSET:           2           2           2
   20.5000000000000      -NUMCC:           2           2
   20.5000000000000      -CCSET:           2           2           2
   21.5000000000000      +NUMCC:           2           2
   21.5000000000000      +CCSET:           2           2           2
   21.5000000000000      -NUMCC:           2           2
   21.5000000000000      -CCSET:           2           2           2
   22.5000000000000      +NUMCC:           2           2
   22.5000000000000      +CCSET:           2           2           2
   22.5000000000000      -NUMCC:           2           2
   22.5000000000000      -CCSET:           2           2           2
   23.5000000000000      +NUMCC:           2           2
   23.5000000000000      +CCSET:           2           2           2
   23.5000000000000      -NUMCC:           2           2
   23.5000000000000      -CCSET:           2           2           2
   24.5000000000000      +NUMCC:           2           2
   24.5000000000000      +CCSET:           2           2           2
   24.5000000000000      -NUMCC:           2           2
   24.5000000000000      -CCSET:           2           2           2
   25.5000000000000      +NUMCC:           2           2
   25.5000000000000      +CCSET:           2           2           2
   25.5000000000000      -NUMCC:           2           2
   25.5000000000000      -CCSET:           2           2           2
   26.5000000000000      +NUMCC:           2           2
   26.5000000000000      +CCSET:           2           2           2
   26.5000000000000      -NUMCC:           2           2
   26.5000000000000      -CCSET:           2           2           2
   27.5000000000000      +NUMCC:           2           2
   27.5000000000000      +CCSET:           2           2           2
   27.5000000000000      -NUMCC:           2           2
   27.5000000000000      -CCSET:           2           2           2
   28.5000000000000      +NUMCC:           2           2
   28.5000000000000      +CCSET:           2           2           2
   28.5000000000000      -NUMCC:           2           2
   28.5000000000000      -CCSET:           2           2           2
   29.5000000000000      +NUMCC:           2           2
   29.5000000000000      +CCSET:           2           2           2
   29.5000000000000      -NUMCC:           2           2
   29.5000000000000      -CCSET:           2           2           2
   30.5000000000000      +NUMCC:           2           2
   30.5000000000000      +CCSET:           2           2           2
   30.5000000000000      -NUMCC:           2           2
   30.5000000000000      -CCSET:           2           2           2
   31.5000000000000      +NUMCC:           2           2
   31.5000000000000      +CCSET:           2           2           2
   31.5000000000000      -NUMCC:           2           2
   31.5000000000000      -CCSET:           2           2           2
   32.5000000000000      +NUMCC:           2           2
   32.5000000000000      +CCSET:           2           2           2
   32.5000000000000      -NUMCC:           2           2
   32.5000000000000      -CCSET:           2           2           2
   33.5000000000000      +NUMCC:           2           2
   33.5000000000000      +CCSET:           2           2           2
   33.5000000000000      -NUMCC:           2           2
   33.5000000000000      -CCSET:           2           2           2
   34.5000000000000      +NUMCC:           2           2
   34.5000000000000      +CCSET:           2           2           2
   34.5000000000000      -NUMCC:           2           2
   34.5000000000000      -CCSET:           2           2           2
   35.5000000000000      +NUMCC:           2           2
   35.5000000000000      +CCSET:           2           2           2
   35.5000000000000      -NUMCC:           2           2
   35.5000000000000      -CCSET:           2           2           2
   36.5000000000000      +NUMCC:           2           2
   36.5000000000000      +CCSET:           2           2           2
   36.5000000000000      -NUMCC:           2           2
   36.5000000000000      -CCSET:           2           2           2
   37.5000000000000      +NUMCC:           2           2
   37.5000000000000      +CCSET:           2           2           2
   37.5000000000000      -NUMCC:           2           2
   37.5000000000000      -CCSET:           2           2           2
   38.5000000000000      +NUMCC:           2           2
   38.5000000000000      +CCSET:           2           2           2
   38.5000000000000      -NUMCC:           2           2
   38.5000000000000      -CCSET:           2           2           2
