#  61 angles,  1 tensor ranks for 0=projectile
@subtitle   "12C(7Li,7li)12c reaccion elastica; E(7Li) = 34 MeV; DWBA;"                     
@legend ON
@legend x1 0.2
@legend y1 0.8
@g0 type LOGY
@legend string  0 "Lab energy =   34.0000"
#legend string  0 "Partition=  1 Excit=  1 near/far= 1"
#  Theta       sigma       iT11        T20         T21         T22         Kyy for projectile
  0.1000E-01   1.000    
   1.000       1.006    
   2.000       1.036    
   3.000      0.9855    
   4.000      0.8799    
   5.000      0.7792    
   6.000      0.7179    
   7.000      0.6986    
   8.000      0.7047    
   9.000      0.7131    
   10.00      0.7045    
   11.00      0.6689    
   12.00      0.6064    
   13.00      0.5257    
   14.00      0.4400    
   15.00      0.3633    
   16.00      0.3065    
   17.00      0.2756    
   18.00      0.2704    
   19.00      0.2855    
   20.00      0.3121    
   21.00      0.3399    
   22.00      0.3599    
   23.00      0.3657    
   24.00      0.3545    
   25.00      0.3274    
   26.00      0.2885    
   27.00      0.2440    
   28.00      0.2003    
   29.00      0.1632    
   30.00      0.1367    
   31.00      0.1224    
   32.00      0.1198    
   33.00      0.1262    
   34.00      0.1380    
   35.00      0.1508    
   36.00      0.1608    
   37.00      0.1649    
   38.00      0.1616    
   39.00      0.1505    
   40.00      0.1328    
   41.00      0.1104    
   42.00      0.8594E-01
   43.00      0.6214E-01
   44.00      0.4136E-01
   45.00      0.2541E-01
   46.00      0.1528E-01
   47.00      0.1117E-01
   48.00      0.1255E-01
   49.00      0.1832E-01
   50.00      0.2701E-01
   51.00      0.3704E-01
   52.00      0.4693E-01
   53.00      0.5545E-01
   54.00      0.6171E-01
   55.00      0.6525E-01
   56.00      0.6596E-01
   57.00      0.6404E-01
   58.00      0.5996E-01
   59.00      0.5429E-01
   60.00      0.4764E-01
 END
