12C(7Li,6li)13c; E(7Li) = 34 MeV; DWBA + CC;
  0.1000 30.0000  0.1000  0.1000 10.0000  0.0000
   0  45  0.0000 F 0   0
000.0000 60.0000 0.10000  0.0000  0.0000  0.0000
0.0000 1   1 1 00 36   0   0 00.0000  0.0000  0.0010 0 00.0000000.000000
 1 1 0 0 1 1 0 0 0 1 0 0 1 0
Li-7      7.0160  3.0000   1  C-12     12.0000  6.0000  0.0000
 1.5  -1  0.0000 0.0 0.0   1   0.0  +1  0.0000 0.0 0.0 F F   0   0
Li-6      6.0151  3.0000   1  C-13     13.0033  6.0000 -2.3037
 1.0  +1  0.0000 0.0 0.0   2   0.5  -1  0.0000 0.0 0.0 F F   0   0

  1 0    12.0000  7.0160  1.2500  0.0000
  1 10 0 245.000  1.2100  0.7590 14.7000  2.0000  0.9090
  1 30 0  1.7500  0.9260  0.4500
  2 0    13.0033  6.0151  1.2500  0.0000
  2 10 0 245.200  1.2100  0.7160 11.9000  2.1700  0.7490
  3 0     6.0151  0.0000  1.2500  0.0000
  3 10 0 38.0000  2.2000  0.6000
  4 0    12.0000  0.0000  1.2500  0.0000
  4 10 0 44.0000  2.9000  0.7000
  5 0    12.0000  6.6500  1.2500  0.0000
  5 10 0 173.200  1.2080  0.8020  8.9000  2.1700  0.9450

  1  0 1 2 1 0 A 1 1 0 0.5 0 1.5 0  3  0  7.2488  1
  2  0 1 2 2 0 A 1 1 0 0.5 0 0.5 0  4  0  4.9928  1

   2   1   7 1-1 5
       1   1   1   1  1.0000
       2   1   1   2  1.0000


 34.0000
