12C(7Li,7li)12c reaccion elastica; E(7Li) = 34 MeV; DWBA;
  0.10  30.0000  0.00   0.00    00.0000  0.0000  0.0000  0.0000  0.0000  0.0000 
  0  50  0.0010 F 0F  0   0   0   0   0   0   0   0   0
000.0000 60.0000 1.00000  0.0000  0.0000  0.0000
0.0000 1   1 1 00 36   0   0 00.0000  0.0000  0.0000 0 00.0000000.000000
 1 1 0 0 2 1 0 0 0 0 0 0 0 0
7Li       6.9410  3.0000   1  12C      12.0107  6.0000  0.0000
 1.5 0-1  0.0000 0.0 0.0   1 0 0.0 0 1  0.0000 0.0 0.0 F F   0   0

  1 0    12.0107  6.941   1.2500  0.0000
  1 10 0 290.000  0.640   0.6400  10.710  1.2200  0.9700  0.0000



 34.0000
